1133
1503
1372
633
-1100
2850
3208
-1977
291
-1100
-3434
1979
4668
-3684
198
3480
-62
2001
2542
-1993
3643
-4558
-3915
3801
-2411
-3673
-2704
-2789
-489
-4217
2954
1211
-4134
-2357
-3350
3385
-2904
-1565
1615
722
-2861
-4281
-4881
1961
-839
4993
385
-4250
-4122
2810
-4441
-3852
-2918
4465
-3327
-3690
413
-1005
-4098
-2374
2001
-185
-2653
49
711
-1766
-2383
-2515
-4620
-4165
-414
1403
-1675
3591
-3820
-4269
4960
4951
1129
-3010
669
3176
-3346
-2968
-4794
-548
4859
-3210
2555
-2593
-3813
2874
376
-51
2781
500
-3045
-2398
-519
-2805
-4687
706
-585
300
-4192
-4102
3948
-2190
-2678
1382
-4953
-1833
-3168
-731
2747
858
-4843
3322
-2691
-2094
-4715
-4060
-2319
2562
2934
560
2623
-3187
-1650
-707
-196
-1973
693
3232
-2329
-3027
2940
3545
3281
-1570
2046
-458
1792
-3190
1046
2007
-2426
-925
-4303
4594
-2275
-4958
-427
-4584
-4970
-3525
-4253
551
-2717
1492
4505
3297
-3199
-3705
4170
1965
-3110
3701
-2766
-1651
-4151
-306
-1755
-2480
2527
3167
-3081
3224
2758
2235
594
-914
-2524
141
-4989
4181
2467
-964
965
-36
367
-1936
259
-1176
-1729
1252
3400
-1710
3879
-675
-1335
1340
1213
-1654
1109
1770
-1157
-3187
-2244
-3265
-2188
2761
-306
3749
506
-1061
-811
4257
4880
4846
-1482
-3866
2524
-3382
-2620
4297
-97
-435
-2347
-3579
-1353
-1828
4137
-1696
4053
4076
-1928
-3955
2139
44
1020
-4428
4600
3253
623
2831
-3273
-107
-4443
1350
-3260
376
-2819
4765
369
-39
-972
1820
-3031
2535
1211
-3824
-4525
-1637
4715
3168
4168
2905
-1818
-4766
-2984
1717
3871
-785
-2662
-3512
-148
-3820
-3517
-1981
2795
-1318
409
-493
-2029
1625
2024
-2538
828
1017
-1835
573
1666
201
4609
4578
1158
-2621
-3520
3804
1029
-1249
2346
1712
4861
-3640
898
1578
-3906
-756
-4539
-3411
3741
391
3365
3527
-3713
-4686
-1193
-3256
-1901
-4808
1770
2565
2688
-1558
3337
-1320
-1614
-1165
-4509
-2390
3983
4382
201
-4604
-2225
-2313
-3033
3346
2443
4767
-2986
-4567
933
-4636
2673
2827
-2999
2800
1847
-3544
4786
1329
-4351
3735
-4273
4745
-619
166
3784
-3657
-3638
2574
492
2742
-308
-2534
-2212
4788
-4878
-4279
-2994
-3371
-1234
-2894
1066
3401
-3947
3512
-631
1115
2704
1806
-2704
1164
3858
-3284
2775
-2512
-2500
-4285
-3874
-1001
-3395
4350
4546
46
-4099
-4663
2541
1239
-4405
-2730
-4340
-3994
-2923
3486
-2235
-946
-3655
-1979
4888
124
-22
-2047
1733
-4351
4501
4316
-2562
646
-1579
-1432
-3345
-3189
-3917
466
683
2576
2642
2986
-1703
2600
-4566
2274
-1329
2443
-189
-3595
4349
-3909
437
-2725
3901
2521
-4531
4922
-4407
-3352
-3662
-1554
-4434
-670
4377
2988
-2000
-997
-1914
1395
2286
-557
-4764
2645
-680
-1889
-3193
1349
-4226
-4454
799
-208
1066
-808
-3056
2993
4528
-3397
-1984
-2848
-1163
3546
481
-3269
-3682
414
3568
-2968
-4741
4015
-52
-3287
-2252
-4641
507
-2431
1266
-1003
2537
-4714
1089
-2244
-4621
-4169
2324
-2211
2995
2608
-1798
-3733
-3108
-3284
2816
-595
3161
3130
471
-863
-1535
1475
455
-497
-338
-3829
1540
636
-1522
2038
3952
160
-4966
-483
977
-2886
3157
-575
4996
530
-858
-1808
2434
2703
1178
-4363
1346
-3493
-1501
4548
-1728
-893
-2490
-3578
-2996
2339
-2428
1394
-1322
-4350
-3785
1357
-3111
1258
4592
-3116
-4891
4490
4174
-2425
-2655
-257
1057
-3544
2512
-4527
3151
-268
-4828
810
199
-3007
1585
-1540
3413
233
-1981
3075
-3626
4181
-2510
841
-3252
-2610
4821
2857
3860
2096
4773
3590
-4491
2769
-2668
-3027
-3236
1520
-2963
-3033
3830
-4159
-3571
-1436
-147
-3352
50
-3531
4855
-477
1843
-2984
4955
973
4081
553
4614
-815
-4419
3047
-2163
44
730
3717
2980
-1482
2611
-4254
-3362
-623
-4848
-3125
-1498
1827
-283
1391
1405
-2895
-3380
-300
-748
1933
2677
3144
717
82
3402
3658
-2451
3420
2232
826
2181
3021
-4645
-2994
-1631
-642
2232
-1193
-1056
-3805
-687
-1212
1190
-654
-3435
-1563
3918
3829
2022
3090
-4476
1662
-2817
2429
-2750
2763
950
1861
-4135
3962
-2466
4412
2130
2430
-3968
2891
-2267
850
475
-187
-2934
2781
825
3594
1887
-4456
-4572
2525
-2886
2460
-1399
1639
-3138
-1601
-1045
-483
-2269
2144
-5
-2000
-2463
4001
2871
-3228
813
2613
-1007
4707
3096
2346
242
-2830
-3260
-2648
463
2244
4857
4122
-1078
-4306
4759
3277
-3525
-4052
-3108
-4377
1281
3810
456
-4006
2659
4980
2047
4985
4860
1786
-3522
-214
-1753
318
-4782
-1315
-329
-4264
1590
-2772
619
-404
-2436
1507
-640
-798
1278
-4335
774
-553
-3724
-4929
-3929
-1614
1608
2257
-3930
3002
-4087
-3381
4277
-4682
-275
-2425
1113
-4044
4667
-1500
-4478
2350
-2409
-1792
4229
2265
-2721
-3783
-1252
-3712
-1018
-2512
1010
-4366
4415
2271
3239
-4457
-275
748
-3798
3400
1624
-4833
-1176
-321
3506
-2991
-1776
685
-3094
-3018
-2983
4763
3073
-340
4774
-1997
4475
-508
3257
1104
-231
-4288
-1067
-861
3909
1006
1320
-3208
-1539
-1308
-3191
-2424
4867
2380
3135
-832
4196
-1774
755
3633
4440
-3492
3078
-4519
4250
-3335
-3723
-2605
-4407
-3635
3212
-214
3421
-3588
-4855
-876
4397
-1147
4083
-4371
3825
721
2187
2528
-1628
3803
-1231
-2706
2220
-2926
-4038
-4936
4045
4317
4016
-3777
-4773
-2129
-1157
-1681
-3121
124
4175
454
-3461
-3094
790
-4117
1489
1643
1151
3693
-287
-3894
-1754
-4678
-3631
-3997
-3018
-4286
-1341
-1495
3341
-2998
2929
3138
-160
-379
-3076
3173
-4114
-208
-4987
616
-2439
2141
4683
-1917
4786
-2990
-4937
-3767
2916
2914
-4860
1527
372
-1379
3524
-3427
3191
-860
-290
-2354
-3227
-4624
-4660
1187
253
3059
916
-1196
3065
-1874
949
-4055
-4446
1397
4693
1006
4903
-1536
-4568
-3962
-4373
-3869
-1292
-4463
-1668
689
4307
4129
-261
-2340
-3304
1497
-2087
-3824
1493
-1225
-3649
3137
3901
-4364
3185
770
-2859
-295
-3805
-4313
4065
4148
3916
-3731
-4516
4427
762
-4600
-329
-3136
4135
-146
-3610
-4458
1435
1651
520
4467
-3807
-1773
342
-1065
-1074
2903
-611
-2516
-4240
-302
-3521
4813
2755
4460
-4586
620
-3782
2049
-4229
-3137
-1573
-2470
-362
-3893
-4132
-2724
-3817
-1292
1709
-369
-27
-1628
-2874
3186
-4891
-4278
1235
-915
-2915
36
-2547
-4744
4425
-320
-2870
3610
-3523
-4593
-1560
-2508
-3348
-2933
-3274
-2529
2569
4043
4931
-285
-2868
-1915
1995
4873
1736
2435
-3233
-4460
4987
-247
-4843
-4069
741
3621
-2832
618
-3124
-3496
-783
-1750
-2658
-3564
-3938
-4578
-3847
1479
2386
464
312
-3913
-3964
-469
-4113
3614
-419
-2902
-695
4985
-2748
-4624
-2097
-2869
-4963
-1398
4764
-4025
4354
4562
1231
-4259
4767
-4523
449
-3724
-4892
423
2104
-4134
1831
-2875
-166
-4936
1672
-3620
598
-966
-3015
2473
2368
4525
1262
-4384
-3941
-2247
2145
-2992
-1316
2241
74
390
-836
4408
4764
-3934
-1106
-3401
2147
-1785
1074
-2979
-1587
-1641
457
2902
-2362
-4482
922
-3666
-1879
-851
1892
-264
-748
2010
-2379
2538
4683
1974
-2853
2204
3168
-1920
-4455
-4991
4353
-2760
-4644
4788
-2942
118
-4402
-9
-4819
-4020
-3381
-2760
-4185
569
2482
1301
2133
1728
-4962
-1599
-2242
3144
-506
-2105
-4989
-923
1618
287
-2516
2135
-481
-1697
-4395
-3487
-4060
4564
265
-2483
-3050
-1919
2110
1022
649
2054
-4143
-4778
2408
-2027
-3213
4025
-4217
-1519
-3371
-4031
2854
2328
-4817
340
-3015
1091
4023
-109
-3802
4379
288
4004
-4738
2590
-1727
-910
672
1154
-2200
-3501
1691
-2967
3503
3227
-670
4182
-451
-928
-4011
-192
-3744
1965
4845
4292
-3047
4234
487
-1681
488
-2948
-2266
-1188
4331
-2647
2434
171
-1871
-2577
1045
-2669
1620
4645
2312
-1799
2262
-3294
617
-3983
346
-3652
2640
2389
-2425
-3484
1347
-1196
3465
3985
1718
-1380
-3800
2154
3942
971
589
3416
2312
3250
-2575
-4838
-1683
-4244
1561
-1397
4666
4525
1728
-2159
-395
590
-2269
4551
-2158
872
-2398
-3234
-4721
-865
325
960
-1844
514
1022
3797
4448
-4288
4382
-4503
-1288
-4820
-2934
-4979
-2992
-3404
2543
-3732
-1209
-386
-733
-2814
-3330
1572
-4513
-1176
-1183
-2685
-1638
3763
-6
2350
-2697
4046
-366
-72
-4638
-3819
4842
-2782
-346
3348
-4967
-1583
1267
-4690
-2394
1043
1950
4754
-2920
-1052
1098
-181
2620
2588
-1210
-936
2375
2875
3494
-4149
3116
-3463
1094
-1419
3872
-2569
172
-3662
-547
2393
-4418
-4063
-2972
3896
2020
-57
2102
1315
-1441
4852
-2955
-1818
-1558
4726
-1930
-642
2512
-3923
3210
1659
4415
-3025
1005
-4729
-1909
3580
-1826
-1770
-4747
-3100
-3119
4702
-4499
4216
-4431
-1111
166
2895
1226
-2119
3609
-662
-1451
-2388
-1395
-4582
4069
3088
-4314
2656
-3325
2409
3083
3909
-1243
1456
-1155
2811
-2268
478
-1820
-2204
-1075
-4135
-3092
2817
-584
-1922
4320
3742
-24
-2224
-267
-2564
2114
2175
2203
-3457
-4063
-3987
2575
3577
-599
1277
4772
-3738
-4261
717
-3628
3722
2857
-1338
-2927
88
1659
-1375
-239
-4411
2448
-3684
3642
2123
-3448
-3714
2026
-2414
610
-3017
394
2812
3266
1387
-3933
1760
-3018
3520
-4702
2011
-2712
-4762
-4920
2977
-3786
2983
3365
2137
-111
-481
-1818
1130
899
334
-3859
-3952
660
-3045
-256
212
-3506
-981
2116
-3765
3312
-3741
-1253
414
1824
-2662
2091
3658
-2523
-4542
-3694
1992
-1645
-2792
1799
3440
-2840
570
3219
-1047
3351
1498
4831
-3644
3507
4352
-929
-3350
2878
-92
-2080
2723
3138
3164
2894
-3575
1456
-4430
-711
4845
-889
2842
-3383
328
2184
-3645
432
-4749
-1480
363
2846
-2213
-3723
1352
-1189
1183
-4964
2373
-1344
221
-4774
1449
3367
-4515
-1455
1198
4948
-2405
1294
2929
-4588
-726
2041
2645
-1563
2295
-4275
-3763
-2138
-4500
4984
-4262
-2495
1110
1269
-3919
-2282
-198
-3304
4865
-4230
-3773
-3111
83
-2673
-3905
-1467
4947
1046
4778
-3662
-2930
-3246
3483
-3454
-1620
-577
1422
-647
1152
3235
3874
1842
4558
3492
548
-4962
-723
-2726
-1221
-4097
2237
2918
-3579
-1963
-3110
4754
-2110
-858
-4447
-1285
-3024
-525
4754
2925
-393
-55
4583
4158
4918
-3131
4500
1774
-1572
348
-4288
-2131
-4756
3882
3635
974
3051
1577
-4080
3994
-3764
2260
357
-4392
3646
2380
-4816
3483
2404
-1285
148
1308
2613
2759
-3187
-1381
1973
-3879
4320
-3520
-4412
3263
-3657
-3674
789
4751
4796
-4374
386
1373
-4397
2592
3086
2735
3612
-1304
-2101
-1009
-4039
-3265
1262
-2816
-2403
-1864
303
-220
1654
1244
997
2845
1597
-3568
-3695
4851
2924
1478
-3543
-3050
3039
1351
-4151
-2779
4765
-768
-3627
-2242
-2808
3370
-3678
3990
-2365
-4914
197
363
3317
-2584
3308
-2696
-3284
-2597
-3156
665
3651
1254
2667
-4656
1878
-1594
-3729
-2329
3285
-3956
-4362
1479
-2089
4128
1944
3512
3505
-474
-3655
-1638
-2856
-3456
-4925
1620
931
-764
-4908
4826
3396
-3377
3588
-1676
3513
1114
4058
3709
-1042
-3651
-4833
-1846
-2139
-3551
-1213
-916
-2200
-3878
-3442
-1465
-2098
-2395
4842
1827
749
1581
-1793
3906
1472
1461
-2513
3348
-1415
-1871
-1020
1384
-3913
2261
-4538
-4044
-1829
1475
-1631
-1402
968
-145
-1146
2636
986
2053
-2735
-3519
-2392
-3106
443
-4391
2972
4830
3889
831
-4925
-4735
-379
908
-4272
-1928
1059
1595
-4618
1486
4695
1291
1782
4112
-3523
3253
-3019
1325
-3927
-994
-494
154
-744
591
1719
4457
-2618
2435
3821
-4918
97
-4415
-2411
-4862
-1010
3211
996
-3236
3243
4758
-3346
3358
-2059
427
-4153
-179
-2389
-2979
-2314
2003
2435
-3428
-2502
-1648
-4757
297
-4958
-4866
-1742
1003
-4600
-3638
-440
-751
3965
-3888
3155
-4231
2651
-3018
3699
-2671
-4042
1292
-1319
2812
213
-4447
-3661
-2841
-3264
3578
1067
-4788
-3718
-4033
-1150
-922
-1279
-4618
2967
1511
-236
4085
-4084
-1977
-668
-702
2506
62
1677
-4339
-189
-1885
2295
-3520
-4007
-3371
-2551
2421
-1858
3274
2429
3817
2395
-4761
-3494
-2449
-1547
1072
-3155
-567
-2996
-4336
-1703
595
326
459
-2079
-3648
3036
-3695
2852
-3335
-4589
3814
2073
-3806
4558
-2896
-550
-465
-1214
-4368
3237
-4504
-2022
4005
-160
-951
3340
-3
2606
-707
1467
1134
640
-2068
2094
-2540
-323
-3294
-3662
-3781
1973
-1982
3547
704
-3662
-1749
-3647
-109
-3631
1866
4952
4079
2271
-2529
-3328
-2402
-3785
-1132
-2449
230
4907
-4180
-2485
-2904
1921
-4935
-4723
3355
3648
-4127
1298
-2508
3098
-4255
-3516
-4278
-4755
-1758
4488
4919
3845
-3157
-4695
-3647
52
4679
165
3609
-3419
4041
1574
-4269
-1011
-2355
1908
-3000
-3405
-4879
3145
-712
-3711
2676
-4826
-684
-3157
-1043
164
-4612
-2576
-2161
-627
852
4079
-1172
2187
-228
-1028
-2937
1281
-4401
2915
-401
-4887
1116
267
-519
-2994
1956
4607
3692
2652
4291
1465
-3517
-1948
-2077
-3456
-2466
-1948
4109
-4924
4795
-2986
-4911
3062
-892
2696
-4919
1598
3416
4604
-4136
984
-3570
4321
-2184
-1202
3814
-303
-4347
-308
-2237
-4500
-3020
4911
-2793
86
-2791
-2368
4445
1756
-4121
-1120
1869
1789
-3464
-492
-1333
-2394
-2929
2370
-2463
-1378
972
4812
-3810
-2668
-2079
4814
1982
774
4979
3843
-3219
4307
2163
2540
839
2563
-1891
-4509
657
-2363
880
3085
-2099
2601
-4401
1454
-2887
-321
-3272
3138
2074
1888
-3773
-551
856
3196
-4131
-2350
-2439
1091
-4442
2843
1586
-3560
-4073
-2328
3915
-1470
-2472
-702
4067
1269
-2191
4882
-4957
-3279
-4113
-338
4823
-4646
-3686
-4077
-2549
3016
2901
964
-4061
-1521
1221
-3182
-4258
1569
-2715
733
-1749
-4285
553
2730
747
4941
-590
-2443
1193
4678
-2910
-3896
3224
-2977
-4720
4220
-4739
-4177
-2946
4624
-2595
-3777
3769
-3544
-4425
3431
-1343
-3529
-507
-1271
-3975
-4655
1470
-4837
-4863
3082
4496
-1189
-4637
-4045
3789
3566
-2341
3222
-4316
906
3162
-2065
-2879
3190
-3012
-4994
1751
4094
3112
4043
-1939
-2486
-2024
-1831
-4906
-2543
-853
-4466
-4362
1498
3895
3201
-3903
-2780
-3198
-4955
-2234
1159
4643
2885
4509
2442
2116
176
-3971
4310
-3492
-1448
-1919
3739
-3286
-4363
-3076
-590
1332
-1889
-3398
4403
2753
-4356
376
-3817
1699
3271
2567
-4384
3881
-4670
-4035
1592
2755
845
4029
-2537
4536
1335
1768
-279
-3339
-4156
4532
640
791
-1361
-148
-2986
-4005
-94
-312
117
1683
-3419
-1602
4362
236
-2957
-1303
-3257
-2818
1107
-1847
3753
4595
-4203
-2581
2937
476
-2709
-3413
-2521
-1920
4874
-4681
-4125
1367
4241
1461
-866
-106
1802
2264
-2015
-4949
-2498
415
3163
4619
-3250
-4641
-2751
-134
3231
-3438
-2559
-4885
-4458
-4369
3129
-2967
3252
1356
-1754
-714
-1725
-2030
590
433
4658
-2240
4865
-4995
-3314
1091
-4082
-4833
1362
1300
-1070
-3224
-1809
1201
-4457
-4475
-4721
-719
-22
1619
3591
-1534
-2099
2807
-2853
4950
-1489
-3316
-3913
-4978
-4008
-1282
-4101
-4476
4217
-3273
4854
3471
-1501
-4152
-633
2851
-1080
-709
-4353
3720
3935
-746
-2613
-4836
-3173
2067
-2975
731
-4514
-3171
696
2094
138
3501
-1475
3393
-2807
-1546
-3309
1850
-3587
46
4011
4487
-694
-2050
3749
1030
675
4332
-3034
-4581
-3502
423
714
1694
3740
-3230
-4133
-3917
4180
709
2178
2750
2511
848
4910
-3290
3833
-2159
-4909
-2631
-107
600
3733
832
-1414
2761
-2235
-2971
-2884
1954
-4293
4882
1209
4366
1909
3276
4614
-4375
-2450
416
-424
3717
-174
1037
3159
-2276
-799
-4254
-1617
2119
-2589
-4199
2314
846
3771
1444
1115
3073
-4305
-2106
1452
4567
70
1238
3338
2388
4179
4016
-4673
-816
1377
4012
-1600
2166
3968
-1997
-104
-4518
1071
751
4453
-3041
-4550
1634
546
-3336
-1482
1338
-2731
3181
-1622
-4092
-4967
2465
-2640
-306
-3473
-4399
1757
-2287
976
351
-3171
-609
214
1104
-2349
4393
1452
-2174
-704
3588
2947
2307
-4128
2445
-4858
-2018
-227
1611
-4208
-1113
-3393
3044
-3267
-1703
-4943
466
1710
-4451
4362
-3209
-4127
-82
2490
-4849
4641
-1221
-2285
-4890
-4231
-3652
-2709
-3334
-2401
-391
-3009
3809
1406
-1849
-1559
1133
-44
1957
501
-97
-898
-170
-1951
-4613
-1807
-4721
-4493
4443
-1989
1028
-113
-4026
-3096
-3986
4793
-2478
9
-2240
-4120
-2601
514
-950
-2484
2694
1091
2877
1138
-677
4169
-4336
-4331
-3218
1142
2722
-1370
-1472
-4657
2113
-4737
-3052
2900
-3590
-4811
4315
-2171
-1470
-4995
4854
547
1125
-3936
4821
-3372
-451
577
-1467
-373
2982
815
4442
2904
2015
-2954
-791
-3396
-557
-1797
2809
3663
-3431
3655
-4182
-3035
2216
-3565
3175
-4465
1855
1030
-1671
2974
629
-2053
2972
-4595
-1236
4166
-619
-2800
1643
-3864
-236
3463
4524
2289
-4202
151
3122
1110
1695
2651
-3792
35
-506
-4153
-3050
4610
-1135
3742
-2515
1037
-3901
-668
-4426
1808
4739
2982
3085
3459
1294
-2328
-2844
4870
4640
-4017
2669
78
-4065
1201
4775
3567
1961
1242
1790
4778
575
4401
-4068
-2966
3777
-2694
1188
-247
4940
-1892
3153
-4664
-1982
21
-4054
-1505
-1047
-3107
-4296
2193
-1034
1737
2971
-4348
395
2849
-534
-801
-4609
-2636
-4422
3749
1357
-3302
674
3970
848
75
-836
-2605
-3139
-4690
-2627
-1910
-3215
2788
-1559
-734
-3267
-74
3057
-2080
-4049
3755
2382
2507
1347
2943
-1549
-3730
-1847
-4383
1342
-3397
-1703
-3972
2271
322
788
-4663
4652
-2030
797
2322
2900
-2961
1097
377
4242
2325
-4062
-4486
-4363
2044
2114
-3793
4894
2397
-1042
243
-199
451
1424
-4871
1584
4021
-2454
2126
4172
-4365
392
-4628
-371
-3489
4309
-1952
-3252
-3441
-3983
-2514
4687
2480
337
1619
-547
-803
4519
-3908
467
3631
4788
-4507
-523
4823
4155
628
-2455
-2293
4952
3944
-2287
-371
-239
-868
2039
1842
2956
-2160
-3410
2897
-79
4410
918
-1670
2321
952
-1599
-4118
3543
473
-2204
12
-2675
1421
-4208
4337
-3085
-325
1969
388
-2244
-350
-3418
1127
-455
-2671
-3134
-4494
3690
3498
-3086
-4754
-2735
-4028
49
-3268
-3254
-95
-1272
-3989
-2663
2016
-150
-3638
4754
1668
-2289
1354
-1954
-4572
-3665
-4184
124
-3372
2354
-870
935
-957
-474
-4392
3159
-1194
-2672
1901
3050
-4634
-4842
-1667
2628
-1450
4572
-3559
2901
-3784
-4435
-3167
-3350
4624
3789
-4358
-794
-3352
-1907
-1232
4227
-4058
-1041
-2723
-1565
-1045
2474
1275
-596
3997
864
-1433
2819
-3081
830
2038
1448
-2753
2419
-2404
-4989
4169
-4619
-4470
-2179
2362
4929
1608
-173
-3376
1729
-4956
-4682
640
-4557
-3383
2630
1807
4135
-4572
-4304
-4251
1833
1123
-4571
3951
-1312
-2225
-3923
1732
1110
-1621
1756
-2965
-4294
349
-2764
-1061
2690
3837
-4581
2546
-2300
-4069
3887
-4246
-4025
-4394
-889
-2055
4437
938
-533
-4504
3508
-2678
3047
-3546
-1978
-737
-916
-1971
-2627
4031
4535
1574
-2781
-1487
-1978
4857
985
3248
-2424
-3864
-4802
-2418
4581
-2772
-157
1803
-450
543
-724
-4458
2310
2812
441
-445
-1615
-3820
-2074
-4290
-37
307
-4176
-33
-4707
-2622
-3431
-2801
3004
2606
-3922
-3527
130
-2520
2151
-2204
4512
2990
-1314
-4287
1700
-4389
1588
-304
-4488
4795
3376
3159
-2533
-3983
697
-4347
-4859
-2516
-4874
-988
-3483
-3129
-2556
-2626
4700
-1648
2121
-750
-4241
2268
758
4774
-583
2953
-734
-289
-1680
1987
4740
4879
-2711
2219
-2895
-194
-3138
4453
135
-2420
-2033
-2303
2905
-1370
2311
-4691
1196
-3433
4256
-2519
-1615
257
3225
-3749
-811
3900
263
-2061
-3771
-3650
-4518
4113
1909
3595
-4446
-2154
2611
-3121
-783
4505
1544
2074
4259
2763
831
-1844
3483
-3683
-1015
-2207
815
-2640
3728
-2722
3527
-4756
-2886
4349
2178
-3706
-3424
-2715
-1893
-3508
-3296
4910
2378
883
-2305
-1901
4957
-2445
-1037
-4792
-4312
-3520
-1535
-2898
-2006
813
706
-4907
4914
1804
-2340
-4494
-3486
3433
2942
1857
1683
4504
2427
-2883
-3879
4764
-2998
3373
-3239
-3014
-4723
129
-4952
3356
-4830
-1458
1926
-3670
-2281
2389
-3957
-1914
-3311
-933
4016
-1689
-722
309
2577
-2167
1049
-2350
3297
-3421
-1746
2317
-4465
-3671
-578
4563
-2600
-3438
3397
4274
2076
3421
4443
-1501
4037
-2688
3928
2809
1142
4721
-164
266
-4719
4664
-1667
-1074
2652
1060
-4382
-3259
2932
205
-816
-3234
2898
-277
2083
-4922
4381
-1835
-2017
-3523
-1903
3164
-2969
-1313
14
2569
3710
4561
-4348
-4332
-3748
4107
30
1255
-3069
3237
3756
3026
-1501
2405
661
2288
-2838
1752
-4692
-3686
-928
-1922
3027
634
-2685
-2677
-451
-4701
-2546
-725
3081
2767
-129
1254
-292
-1287
-4759
3189
-3491
1532
3991
-1932
679
2011
1346
-1064
-981
-1053
-2444
-2334
3172
302
-1250
-556
47
953
4792
4804
-2118
3672
-1033
-3009
-452
-519
2036
1136
3990
-2762
1450
2209
-1799
-145
-2608
4576
-2937
-3641
-984
-2810
4702
2750
-218
3381
-4253
-4049
-4555
1616
4619
3626
-3833
-2913
-2144
3893
-1972
-4254
-3503
-3729
3253
-138
-277
-843
4425
-1418
4439
-200
-3705
-364
-3980
15
637
744
-3129
-1751
-552
-1432
1759
-1339
4989
2521
-2690
1302
-4920
-1324
4773
2705
3667
4317
2399
-1319
617
4960
-254
-3715
3516
-3715
-2975
1392
-3948
-3546
581
2521
-1464
-3035
540
3676
-1022
1380
4322
1129
1950
-585
-4384
4147
291
-2979
2787
-316
-187
-3033
-113
399
1882
1367
-861
-2266
-1492
317
-2546
-595
-1170
3950
-2286
3486
-685
-217
1496
2015
-4085
-928
-1212
-1119
2399
2276
2266
-1222
2911
-3025
-1711
6
2970
3449
4056
-4599
2686
-3037
-938
-4552
-1007
1167
-1386
2296
1919
-2619
1539
-4649
3844
-1389
4144
-2838
-1540
-3691
2123
-4186
-1623
-2363
-1389
-4508
-3594
-4731
-712
3375
74
2842
4162
-1425
-4514
-4037
-3244
-4725
4994
-4117
-4142
-2262
493
4947
1185
-3846
660
1124
2590
533
1629
-2070
3537
3121
-3804
293
-1533
-3433
-2338
-3963
1567
3399
2332
2483
-3611
-3207
3394
-8
1700
-713
3577
-3000
-1303
2617
4849
-3281
-3677
-3231
-1893
1551
-4903
1688
1094
-4888
3854
360
-1864
3290
-2957
-3731
-2384
-4713
1454
982
-311
732
-614
607
1874
-3615
4991
-3772
-2228
3615
-3661
-2497
-2365
-4286
-63
898
3265
-4849
-4839
4940
4879
4743
1672
-2843
-2019
-996
-2454
-228
-2140
1972
-1411
2628
3594
1436
424
-4678
1509
3279
-4500
-2326
-652
3079
2153
3250
3851
-1485
3860
-2153
-3587
2666
2135
3815
-3873
-4418
3369
4271
-1750
-236
-3728
-2994
-4895
-3084
1461
-2327
1460
540
2007
-80
-1995
-2710
-4589
-3039
4345
3769
-3566
3324
-848
-2581
4931
-3017
4873
1400
3370
-4478
335
1030
-3063
1454
2969
-6
4750
1577
-1583
-1650
-1971
-1715
4978
3939
-1968
-4629
-584
4137
-2548
-3135
2003
-4916
1942
4243
1548
-639
3302
3273
-837
4146
4842
-746
887
1894
-4626
-2103
4896
-3163
4203
-921
4746
-854
637
2232
-3733
4090
2090
-3679
4455
-3052
432
-845
-4167
-2551
2830
673
1397
-4082
-331
4519
-3156
3024
-2240
-3815
-3713
3623
-2238
4554
-4472
1230
-2753
4319
629
-414
3870
-2653
2790
1704
4701
2172
-4118
-972
3702
-499
-1916
2312
2945
2029
4180
538
-3655
4120
-1325
105
-813
-4363
-2609
1841
956
-2024
-2136
-4868
-1037
3017
490
1820
3927
-2940
4140
4054
3314
-3998
2648
2785
4390
3640
2509
-624
3063
1407
3265
-388
2345
-4460
-3078
-3210
-3045
1681
-2593
4043
-2107
-4149
874
-1240
3054
-1587
3873
944
2017
-2363
-4747
3900
2304
2877
3291
802
-1527
141
-3943
-2326
888
3887
4371
4173
3838
-4925
-1881
-4498
-2479
372
2966
-4867
4820
395
-2204
1658
1224
-2573
2673
3927
2658
940
-4039
-4975
-4257
1540
-1303
-2464
-298
-2365
-4509
-3811
1053
997
-1660
-2876
1999
-2611
-764
1386
-2964
1448
4749
4656
-4239
-576
607
3321
3801
-1037
-3324
2376
-3548
-1101
1440
-4994
1864
-49
-2357
3155
-4859
-4111
-4766
466
-2115
3481
-1638
-3990
-4220
-2790
-2953
1681
-4188
1092
-3140
-3204
820
-878
-2749
2573
3578
-4395
-1984
-4692
1774
-959
4529
-3094
-4174
821
-3207
-1374
-4833
1969
2285
-160
-127
1299
-1714
-3146
-1483
-669
-1240
3580
-3375
240
219
-1320
-2122
202
-56
3727
-2494
-847
-3282
-3621
3081
1725
-427
-4114
2485
544
-3142
-3835
699
-4230
1309
-864
2431
859
1544
3713
-4213
2446
-1375
3603
-3588
3508
-831
3773
894
4510
-3130
4887
2234
-3841
-378
-580
2604
145
-4812
4289
3625
-809
4744
4325
-4031
-1676
-3222
4201
-2095
554
-3312
-878
-3523
-2988
-3143
-3475
-964
1960
4872
1250
-2860
-3273
484
-4820
-1432
1320
-241
2904
-4113
324
-1274
-3444
-4809
-2878
4169
-934
-1479
-2042
3596
-2556
3871
2454
157
258
2787
4622
-4825
-4621
-4710
4180
-3626
-3376
-1103
-3938
-789
1991
-2986
-3150
4210
4406
-2677
-3346
-3725
-154
2822
74
-490
-3477
3676
3066
-3525
-3239
992
616
-2024
-3831
-4234
-3070
1268
-3012
2893
-3104
612
-1649
60
1161
211
-3505
-4996
1414
-2056
-2785
3542
823
-2877
-2120
-913
4069
4727
1937
-4399
-4057
-2210
3839
-2068
-4455
-3175
542
-4067
-4342
-2904
-799
-739
1588
4106
-3242
-467
-3102
4916
893
-3104
4589
-3417
955
27
119
3133
2634
3480
3276
1668
723
705
645
2495
-1377
283
-3041
200
10
-4576
-3572
-3877
889
-1262
-3815
1263
2350
-4931
4815
726
-4359
-1556
-3763
-4664
3729
31
-2570
3834
-125
2427
-617
-2700
-1526
-221
2365
3204
4848
2262
1028
-4979
3076
-3080
-606
-524
-819
2597
-2171
-3923
-2498
-3341
986
3776
4986
-3832
4368
1762
4441
-4340
2940
-4206
860
2048
4991
-1823
-2882
-1377
-875
2341
-2725
3315
-1329
-2208
117
3644
307
3628
-2236
3501
2881
-4038
1998
-4089
2618
-2756
1433
-326
4509
1311
476
1257
-2030
4317
636
-147
4682
1505
1526
-3651
-986
-4468
-3849
-179
4487
2904
-2780
-636
518
-4516
3048
-654
-1386
-4849
264
2210
4215
1968
4045
3804
332
4549
1090
14
3902
674
812
-1412
-510
-3155
-1558
-154
-4280
2672
3821
-455
-474
4334
-3190
-3303
-1323
682
-2002
2189
-4645
-4236
-3102
-1749
3112
-1403
1839
325
3028
4397
-2590
1204
4953
411
2947
-379
-4803
-1123
4787
385
-4236
-3144
-187
2721
-3181
3946
4255
497
4567
1902
-624
1013
-3961
-4959
-4396
42
-2217
-3486
-1306
2398
239
1663
-2027
-3662
-4596
-4962
-2070
-3218
-1499
-2600
2121
-4058
1264
-1779
2982
3740
-4154
1492
-3206
-2761
-1964
-4974
-3338
-1038
3892
-4659
-4201
1367
3995
-1695
-4325
-4354
3284
-493
-2973
3008
3437
-2428
4905
833
-1919
1800
3875
1646
4406
103
-4023
-3309
-4697
3540
-3692
1168
1764
4668
3127
4413
3049
4145
467
4859
-2420
824
-1291
-4611
-4533
-3792
-3149
-2345
1766
-235
4039
-3306
-936
4883
3658
2096
2972
110
1397
2589
3102
-2687
-2380
-154
1263
2485
-1396
-2867
2397
-4251
1071
-1843
-1725
2433
909
-4429
-692
-4833
3741
-1042
-4066
4872
-3476
1747
-4204
-3726
-282
3508
4812
-2647
3939
-3390
-3629
-4844
1891
-1392
414
-3898
-1587
1050
1738
641
2643
-2250
3110
4690
-2517
2601
-3457
4905
-2438
1677
-148
4887
4578
4770
4604
-979
-2290
-2893
-1091
1378
3786
-3606
-1314
1765
3224
1639
-2377
-3660
1665
2556
-1609
-1107
-1303
-4868
-3586
-3805
-3642
2582
-180
-3708
1122
-3347
266
536
-1330
-2998
-4504
219
-4838
2964
-1226
-1233
-621
-1794
71
-3044
364
3665
-4797
-3398
2960
-2260
588
2929
-3689
3418
-813
4286
-745
3011
2076
-4680
-3668
2501
3983
4052
-4165
1076
-2304
-2378
-221
-3841
-3711
-2391
-1514
-3691
-4697
2897
-3305
-2808
-2774
-4818
3459
1313
-1455
-4172
1045
-2043
-3042
-3271
4453
1078
-2843
-1361
817
-1619
3411
-3597
1359
2086
-356
-3132
-3327
620
-3835
1960
4362
3592
68
-357
3008
3572
4437
-4278
2578
3220
-1074
-2513
4796
-4281
853
3870
2953
3674
-4640
-289
-4232
-467
3790
4524
-1214
-709
-1004
-2354
59
-1948
-4054
4611
-1481
-4595
4807
-4860
4735
-837
2106
-476
3524
4796
-2389
-4310
-3133
-4089
2066
-3517
2314
1844
1734
-2879
858
4510
-4040
-4839
-4547
1640
2624
-1396
4330
3470
-3992
-2908
-970
-1506
3641
1378
1949
-3593
-1661
2165
-2238
-2927
2465
1645
-3261
-643
2923
-384
-4415
3566
-2227
2877
2094
-3129
825
2720
-3048
-521
3849
2438
1285
-2029
2327
-2031
2223
4835
2672
-3458
2130
3824
-394
-2044
-2221
-1989
2262
-4928
-4236
1890
3050
-2945
-395
-3489
-1345
3035
-4339
1793
4889
-1350
-4566
1151
2437
-3037
4597
-2342
3711
-3757
-4551
-4974
-2778
-4369
2933
4940
2445
2715
-2912
-4733
531
4650
-4531
-4579
-2331
4087
-4992
-257
4307
4307
-4849
-541
-2512
3135
-1460
-1912
2909
653
-1886
4715
-967
-2046
-2915
-2331
-3710
4303
1119
-635
-1009
-1776
2993
656
17
-4124
-3513
2406
4838
-3569
679
326
1104
-4244
-3973
-3867
3558
2327
-2299
2491
698
4330
-2445
-2594
-4469
-4890
-3469
4451
-1909
-2204
856
-2750
4212
3308
-1715
2922
4374
-634
-4839
-1387
-4556
-4848
-3468
1181
1872
4336
1162
-4145
-4668
-582
-4626
-4817
-4014
-1597
-1184
-3764
510
-1546
4210
-4939
-4405
-3529
-3513
2060
-4093
4455
-4916
506
2012
3624
4172
355
-4025
-3790
735
460
-1350
-3419
3603
4282
-3824
799
-498
-3316
-4593
-3296
-334
3324
4107
3004
1570
578
2681
1344
4228
570
1942
729
-4536
3239
553
-494
-3624
23
2983
-4627
-4753
-2295
-4538
-316
-4497
-3459
-3245
1599
-2642
4443
2040
-120
-1951
-1434
4824
-3026
1084
-2686
-4787
3015
4936
-2668
4084
1626
-1946
-3815
1303
-4244
-732
-2214
-1380
1608
-1411
4926
12
-2348
-3579
-3392
3334
3986
4470
-4397
-1820
-763
3780
-4829
1231
2853
-3752
-2562
-1729
4436
2411
-4254
3093
3681
-1951
-1431
-2451
701
520
-109
638
-1843
-3535
-4478
-780
687
-1138
4540
-2225
3328
-915
-4068
-4659
-4339
4084
-342
1958
4632
-1187
-1652
3383
-3554
-444
-3011
-3599
3863
3359
3774
-974
3326
-323
-2406
-3147
4226
-558
2590
1990
267
4434
-4600
4776
-3503
4315
1967
-2982
-2071
3593
-3677
-3225
-495
-2908
4375
1293
-2225
-3316
12
-4031
-3820
2920
4880
4688
-569
923
3767
-2087
528
808
1688
3674
4065
-616
332
-3672
1868
-4006
-3902
4851
-63
-1190
-4457
-24
-1066
-2348
1236
-807
-3267
1514
-1848
4891
-3856
2229
1895
2702
-4528
-1383
-3709
2834
-722
-2356
-2997
3304
-3431
137
1025
-1673
-3446
-1793
-4048
768
-2068
-817
1005
-3005
-4111
2550
-2883
-3741
-480
-3593
-3016
-1976
-301
-4962
1756
-2316
3024
1760
-875
-4839
1430
-4714
-4820
-2568
155
524
2478
1196
867
1605
-4994
377
-3948
3265
4173
-3905
-3464
-4062
-2871
884
1922
3899
-4604
-3104
-172
3354
1094
-3766
-3983
1223
-459
-4892
1134
-4371
-203
754
2319
3482
235
3729
-2305
-2142
-2490
2966
-1985
-2984
2592
2836
1315
-849
544
-4862
3146
-4371
-1644
-2436
-1747
2977
-2066
1400
3497
823
-180
1884
-4880
-3942
-4179
-1745
-4324
2122
-4080
4781
358
-3106
-3665
2575
-4570
-3429
4348
-1622
-596
-1611
-3669
310
-785
645
1377
1682
-4572
733
-4469
2679
-3135
3480
3857
-1398
-4990
4981
-3780
3061
-4805
-3035
-1066
-1192
911
2434
4049
2460
-2207
-61
844
-4983
1482
2573
-2383
-327
4042
-1827
514
-724
546
-2765
-4235
-1219
-1823
2289
-2211
-1564
-4995
-2635
2587
3054
964
3170
1988
3098
-1548
918
149
-3211
1416
2535
1253
-3191
-3036
4415
-6
2945
3891
2074
-4865
4896
4302
3054
2980
-2365
-928
-2245
2134
-2604
2504
898
3441
-208
959
538
1107
539
-1957
3649
3826
4483
-3966
1648
3601
-1054
-1533
2114
3215
-3704
-4318
855
-2079
4232
3362
3620
-1551
-847
-920
-515
-3114
1553
3645
2597
-234
-3179
-4492
3509
-4375
-3148
717
-885
2897
3676
969
277
3687
-548
-1585
3199
3959
645
-4082
4890
2094
267
-1340
-2915
-2397
-3072
-2689
31
-3580
-1886
-1166
4966
-3293
-3100
-2710
-534
-4575
-4949
1777
-4866
-4056
-3814
-2109
4992
623
-3584
-4801
686
-4166
-4945
-3775
267
4193
-2879
2637
-4606
-1662
3766
3534
3819
4585
4353
4448
4300
-3665
3700
-3126
2130
-1840
-3479
-4735
-2224
4641
-4189
-871
-1930
-3166
3524
-4051
1382
-3391
-1120
577
-589
1295
3441
-1835
-4021
-57
1693
-2899
-4553
-3156
-2395
-4401
2384
418
1183
-2820
-1836
3104
1014
3955
-3095
-1340
33
-637
-3567
-4713
-2703
3759
-2417
2051
2383
-3625
4921
3794
-3755
-4844
-4401
1401
-821
-1980
-4149
-3563
806
4439
329
4884
1452
1784
-1127
4536
-4421
-640
-4894
-937
3850
-1608
3337
-506
-2912
-1234
3682
3784
-4956
-2165
-3193
2625
-1852
-4974
-729
1392
-3318
-4118
-2784
2684
-4740
3551
1968
-4642
1363
1078
-2568
48
-2674
32
-2942
-3388
3176
-4398
3285
1816
-2153
-2926
1255
3128
2791
4292
-286
-2427
1830
-378
-2502
-11
3873
-1832
2526
2682
-3201
-2975
460
-1145
4220
3342
-38
3313
4505
2187
163
-3774
3138
3799
1582
-3148
-2640
-3709
1205
3868
-928
2972
2932
661
35
601
113
-273
1336
1942
476
-3162
2391
-4013
1686
-2376
-225
1975
1687
-4222
-4573
1849
-1622
-4710
-1920
2608
2012
3586
-3758
-2775
-4539
-1589
-4521
3449
3157
2761
-588
2819
-333
70
-2826
-2308
-1134
1641
-3700
4766
-1914
-1928
-3004
-4502
-4762
2203
1235
-1759
-1615
2579
4329
2309
-2539
475
-4828
491
4206
-2834
-4412
3188
1725
-4711
-1633
-4596
-1959
4642
3173
-46
1210
1354
3927
-3574
3123
3535
-3165
4783
-3809
660
-1325
4861
-1040
-3435
1895
-4467
-1772
-2410
-4032
-94
-4119
-836
4959
-763
4611
2974
-3555
684
-165
3996
-2436
-544
4585
785
-4802
-1698
2982
1509
-3307
-1410
-3541
2534
4554
1171
1599
-4583
1
-2734
-753
-4453
-2259
-1978
1022
365
64
-3469
735
1087
486
-1974
-3792
-1621
563
973
1786
-3642
-1590
-3532
-4058
1955
-2352
-1970
-1870
4217
1280
-1861
-1180
1461
-2913
378
2863
-29
-4797
1663
-2652
1961
-2336
-2104
-4646
-4556
1235
2767
-3423
4968
4371
-62
4707
3970
4692
194
-4228
-3776
-4467
2105
700
-3517
-3139
-1761
-294
3955
3578
94
-1173
-4668
-4102
-3611
-861
3769
-2875
2970
-3332
-4826
-1574
-1020
1381
-2134
-670
4135
-1812
-1636
770
-4207
-2737
900
-4603
-603
-1697
-418
-631
-90
-1177
-917
808
-474
-1236
2185
202
3727
-2763
-4700
873
-718
4748
-4516
-1531
-4994
4853
-4663
3305
-764
-3826
364
3438
-1687
-3768
1192
3198
-3621
-3050
-4623
-292
-4137
-2701
-4508
4866
4138
4473
3319
1323
-3290
2431
-1470
2242
-4984
-157
2126
-4934
-376
-520
877
-2160
3265
-4447
-4197
2318
1537
2287
4771
-350
1875
-4409
741
4382
2011
-1016
454
-4480
4513
2395
376
837
-125
-2388
4060
1018
-4828
4072
-1371
1987
1417
1543
-3393
-3536
-635
-452
-3408
2636
-2013
-2245
3469
1911
-4636
-4950
4160
2727
-1462
-2949
-3527
-2709
3589
3609
2771
384
-3509
-4383
-2279
4503
2637
-3036
4600
4135
4936
42
1574
-3617
3033
-2904
-4813
-4785
-1083
-2940
-1185
-3641
3144
3561
-3636
-321
-2868
167
4678
-1623
4956
3836
-1232
1668
-1431
1385
3969
-1853
-4579
2686
191
-3522
3470
-3928
2826
-3210
-2347
-996
-2644
-1826
-144
-2652
2032
-1415
-603
3993
4161
239
-4552
-1983
4196
-3804
-977
-1028
1640
4762
-380
2570
-276
2149
-3350
-4417
-1133
1279
-957
-3783
500
-1138
-1039
721
2180
-1997
-468
-448
2968
-2139
-1036
3861
437
2237
-2888
-3148
2779
4610
-378
-448
3506
-200
1891
620
4371
-4075
-963
1871
-2598
-2524
-4817
-4682
2731
1918
581
2335
3747
4021
3713
-4365
3935
-1790
733
850
3091
1874
-1678
-1594
-4892
-531
-2600
-2015
-1274
-4712
-3633
-1992
382
-197
-4050
-4827
3119
-4236
-3078
-2457
-953
2797
-4279
-3123
527
-1620
1366
1347
-3058
-2662
4248
-2709
-3904
2647
175
-1793
3862
3068
895
-378
-3955
-2976
2768
-1770
3763
-1137
-4124
985
3879
2439
-4741
4243
-1327
2021
1012
-3517
466
-3936
2965
-4840
-1843
-2300
4172
-2618
-3259
-3581
3575
-2728
2041
-314
-3471
-1080
-786
-822
2318
-4195
3612
169
-3111
517
3628
4933
-4533
4403
-2240
2093
-2865
3466
-4109
4889
484
-2357
674
-2872
-2477
-4501
2859
-2115
-4607
-4055
-3819
-2715
311
510
-4703
-4020
512
3510
4256
-1071
4947
1310
-3147
-4793
3250
4191
-3380
1965
-4574
-758
1370
-1728
-2596
-684
-2713
-721
-797
659
2826
1807
-1529
-2711
-1325
3040
-3863
3665
4671
-2736
3280
680
4183
-4897
1131
1087
-4182
819
4120
-3666
-1971
-2963
-4891
3706
-2448
-309
405
-2742
-589
3183
3701
-3482
1096
-1456
-4545
3697
4379
-3889
-2514
2297
-4513
-4307
820
2140
1578
-2133
-1127
2206
4404
4930
-443
-2648
-1076
4693
-545
-2445
-1604
3763
438
2341
-770
-143
-3839
-325
2671
1287
-574
3048
2307
-3430
1264
493
4745
-3237
4837
-3494
-1216
-4387
-3275
-2797
1498
3532
2544
-746
400
-1235
-4838
-36
-1593
-3136
-2807
-1841
-2447
2301
-1458
299
326
1598
-2264
1479
3941
4777
1189
1446
-2778
-3966
-4229
649
610
-2354
3894
4951
-3467
-4550
-734
608
-1214
-4931
4044
-786
-4601
-3493
-908
-2371
2115
-2804
-1002
4269
-1546
-4436
937
4454
-616
-764
1638
4059
3773
2970
29
-1999
486
-1980
3637
34
-2213
2338
2947
2701
-968
-2435
-2498
993
-2266
-4198
-1168
-838
3116
3204
-273
2106
-3546
-2359
2156
156
-3260
435
-3429
805
262
1563
-1707
-2516
4310
9
2635
-1093
4086
1454
2779
-3850
1325
3269
4824
-1604
-2916
-4841
2309
-2276
-619
-4561
3586
3434
4270
-4883
-582
3329
2738
-1921
-4932
-133
4169
-1363
-23
-961
-2326
563
-83
-4565
2030
116
-3310
-2942
4470
-2659
-2351
-841
-4337
585
-3078
-1765
-2267
-4541
3015
3588
694
3648
555
-3026
3801
-1682
-3136
4070
-4785
-616
466
-3595
-2440
1388
4102
-4647
1529
1246
-352
-4678
-259
-3074
-4493
-1572
4537
919
4345
480
852
-422
1109
-2992
2295
3419
2135
-4885
3282
-3479
1281
-4659
4735
-940
-584
-2893
3418
-2134
-2771
4574
1345
3363
-2948
4630
-4663
-4386
276
3216
-2991
603
-552
4195
-581
-4982
3318
-1689
1720
212
3926
2799
4227
41
-11
1321
1841
-1479
-4781
-1372
-1144
4599
921
3649
-4755
2283
-4193
-1379
-3614
-3785
-1043
-2050
2464
-3092
1376
-4325
2737
3757
-2560
3985
-3374
948
-32
-1133
3846
-2860
-4683
-1246
3422
4224
-4998
542
1640
-4598
-845
-2229
-2458
4958
-143
-4200
4945
-3713
-3562
-4
-867
-62
-1991
2241
2574
1450
-3604
-2075
3515
-2924
-4196
-2353
-957
3604
1945
1791
-2019
-2849
-2601
-2087
4772
539
-3437
2308
-3069
2867
3578
4622
-2771
-1232
4423
3058
-2512
2629
3195
-532
4859
-4263
3762
1436
-563
-4358
-4285
26
-1888
3360
-3096
1993
-969
-577
4240
-3170
2643
2258
129
4499
-3956
1396
-4383
103
4686
-3120
-1961
1017
4082
3517
-4946
3957
-4785
-2062
-70
3230
1984
2064
-2819
-4852
-2649
623
-4884
2791
-3838
-1239
-2834
-59
-3426
-3513
-3579
-3775
-2567
456
3360
-4483
4621
4761
1999
-4839
-1223
-1566
441
-3900
-3806
-3107
-4053
1121
2058
-3716
-2510
414
-1089
-2245
-3381
562
-3256
-2588
-1752
2613
-2420
-3326
-1802
-459
-4109
-1672
-4307
694
2336
1298
-3864
-4119
1984
-2884
-2283
4544
1740
-414
-322
-4128
1109
2152
-2870
-2984
-2591
-901
1038
3553
4224
-4009
-3400
-3225
-3627
1643
-499
1144
-479
3354
-2527
954
4530
-3709
-1833
2049
188
1059
-4326
-1039
1030
-2247
-4820
113
-567
-4726
-1908
2705
-2844
-1785
-4115
4653
2595
3484
4532
-157
-479
506
-2206
2369
-260
-521
-4940
-126
-2408
-2940
-4601
-3893
-2345
-4337
-4320
-4416
-2601
-422
3323
3885
-436
-2068
1105
2418
3856
647
-3440
1390
-840
3402
1398
-1441
-2871
3287
-4339
1961
1275
-3753
-3682
358
-692
4605
3023
668
-808
3624
2302
597
1112
2461
-2669
-2597
2888
4165
-1599
-4046
-4323
2851
-1954
-2997
4535
4856
-3020
2390
2388
1994
2502
535
-3370
3267
-2154
-1971
2693
3606
4118
-1473
-4313
471
-3922
-489
-641
251
3854
-2780
-1436
-851
948
-4166
2180
3267
-4016
-4467
-2887
-4672
870
-2642
3722
-4916
1140
4421
-2843
209
4981
-4929
2156
3495
-4187
1578
4109
98
-2650
-1137
-3738
-3990
-3646
2831
-2631
-4644
-1550
-1630
-4612
2319
62
2267
4133
-4871
3094
-2256
3716
227
-3247
3512
1985
650
1795
4694
4567
2920
4196
4661
3665
-3533
4127
676
2869
2019
-1048
-1627
-3218
3626
2114
897
-2978
1343
-3840
-3938
-4925
-901
714
-3917
1881
4312
1331
650
3553
2695
3864
-4409
-4575
4209
-597
-1047
2411
-3632
4225
3535
-78
2543
-4648
2621
1435
-2369
1886
-993
4657
-3573
-258
-1283
1035
-4018
3996
4239
-2575
3444
-4173
-3917
4845
-2721
-1732
-4211
991
-1093
-542
1342
-1052
2195
-1340
4280
2327
-11
4378
4528
-1800
-1661
-3556
2085
1101
-2660
1392
-3327
886
1819
242
-3202
-3515
-2594
2472
1930
2158
-759
-4714
3262
-2149
3308
-2496
587
-4813
-3597
-4513
-1994
1916
-2948
-4490
2150
2798
3390
-4027
539
-1142
-1400
4045
1009
-421
-1752
-43
2134
-3412
733
-3076
-2280
-4902
2415
2240
-4686
-3876
4621
1806
2857
3584
-185
427
-3630
2983
110
-2189
3718
-1276
-3352
-3375
-4200
4593
-1591
-1474
214
-2925
2510
-4852
-353
494
4411
-2811
-2379
-3412
-2696
2416
-2494
-982
2039
2981
3423
-2860
-3911
1776
2051
1218
-782
2699
4873
2786
1418
1591
4789
-3639
1413
3547
-2584
2180
1909
2097
2530
2356
3103
3628
-4024
89
-3828
607
-810
-2258
1200
-470
-3962
-2299
3408
-1738
450
2004
-817
-4988
3126
-4895
-4470
-2736
-3478
-2550
-2986
1868
3150
1480
-3418
-2486
-538
-1211
-3775
1721
-3767
-3157
-4814
-2427
-2027
-2337
-3038
-4920
-4747
2126
-3372
2885
-3706
-2346
1263
3639
3398
3576
-350
1541
-2803
-4691
1058
2440
2593
-2361
2263
-2080
2917
-4967
-360
-2396
-2447
-3063
-2188
-4423
-280
2773
-3836
70
-3131
580
-4867
-2619
-200
-2593
3161
-1877
-4752
-2289
2808
1052
-4887
-2919
307
1033
-4440
3863
290
3035
-3612
-2904
-4338
1461
2664
-1764
3113
-1611
4086
-2168
-675
1131
3022
2081
-3325
4989
-2257
-2569
-2667
-4102
1181
-737
4102
-3299
-3180
1302
1808
1301
2044
3906
-707
1315
1629
1307
-1414
-3101
5
-2549
218
1279
4520
-1007
-3817
-1056
3255
-2116
-3698
2150
-4844
-1946
-2853
-1558
2805
-3937
-4542
-174
-2873
-1028
3521
2021
3908
4832
-958
-4512
-280
4761
-3611
-120
2657
3534
-3379
2720
2725
3800
-4311
381
4521
862
-2570
2344
2559
-2395
-4813
-3804
-3633
2023
-2826
4337
-903
-1980
-4611
-2911
425
-2985
3832
-215
1693
-4053
-971
-1286
-4429
4285
-117
-4544
-4106
-2205
-3989
3594
-1589
-1107
-3693
-2213
2567
-2501
-1210
880
-4477
-3936
-391
1812
-4877
-2235
-1730
2753
-1725
4145
-906
-1129
-4861
3048
-4317
-399
-1660
817
396
966
-3917
-4852
1765
2926
-3306
3171
4782
3895
-2251
-2847
-1030
-2362
-3125
3185
3187
865
3084
2760
-3925
380
-3991
-2315
-2442
4450
-1326
-1592
1975
3863
-3732
-751
-3079
-532
-237
-278
-449
2307
-2527
3736
-771
-4109
0
-2627
-4040
1198
-3876
-1070
-3301
-3919
4653
-1052
-4676
-3541
-4876
2412
3087
-3038
1939
4067
-22
2403
994
-2683
-1720
2680
-4497
-4922
2417
-1985
4565
2866
2697
-3336
-3295
-4103
-3560
4175
3617
-2308
-997
779
-3011
1969
58
-4634
3451
-3587
-3159
-4417
2830
-3774
3746
-3220
4334
4998
-3870
-1709
126
-3834
-2909
-3013
3658
1691
-5
1678
-961
2925
1843
4306
-2896
-3899
-2678
-4679
1045
-2841
763
1061
4535
-3376
2812
-4544
-4198
780
-3448
-4629
-22
3883
2192
1029
-1287
-4060
589
-1489
-4921
1883
-2934
4061
-797
48
1743
-1089
4513
-3128
-1056
3265
4333
-1521
-2856
-4608
-1745
-3315
3360
1534
-4736
553
-4651
-4488
4555
572
2089
-1178
2903
440
-4696
1458
2100
-4344
-2851
-3251
4884
-1447
3238
-1266
-4355
-3974
1222
-3092
-2916
-4880
-4647
-209
2972
-2611
-1859
-799
3255
-4702
-928
283
3804
-2254
-4028
1101
-2943
-3527
-1622
-4642
1563
1308
-914
-4123
3100
-573
-129
-1433
-2292
-4331
2642
50
-3909
3202
3527
1881
-2155
4535
-2052
-4655
-3768
4462
-4128
4491
-3598
-1372
-3173
-3964
4863
3935
-3828
-2375
-3983
-2321
2852
-913
-3648
-4957
1633
-3375
-219
144
-1011
763
-3599
238
3480
567
515
-2764
-1901
-1642
-22
-1115
-2417
-3006
-2632
-246
-1227
529
-4504
3490
1495
-3044
-4575
1383
-2586
-4479
938
243
4966
3477
-3343
-4589
4415
-2450
1319
-1029
-986
-4591
-2274
-4854
-2181
-1865
1302
1872
788
-2698
-2572
973
3226
-1475
4692
-2805
-3631
1007
3313
-2114
-1586
292
1410
4027
1061
-724
-3305
2439
-2399
-1275
708
769
375
-3377
-3603
1235
-1907
-2226
-4732
885
-1482
4512
-3586
-93
-2799
4400
-1860
-1503
2036
-2982
4457
427
-3981
2783
-3889
2321
-2442
-2405
1200
-1725
1129
-4202
2689
-535
-2971
-4296
2553
-2681
3807
4641
731
3087
-2513
-4392
1567
263
-2220
-3199
-3608
-1156
-3817
1812
-2798
-4441
-1235
-4420
-1126
751
3009
-1171
-1117
3279
-2351
1786
-3594
-4182
-2345
3110
-4839
4684
4379
-2391
4803
-205
-3610
-4539
3071
-3714
410
-4118
-2817
1076
-4287
-4362
-4396
3145
-4748
1073
2859
1868
-3746
4025
329
-1644
-2897
-4327
-742
4748
-2620
3343
598
-3764
359
1518
-4378
-741
-4093
2993
4677
-4462
3372
4993
3114
2194
-3252
-1671
2822
3593
2448
-681
-3287
-4847
4277
3814
-3703
4953
3341
3482
-2026
3640
3318
-1204
1575
2655
-403
2711
-4887
4958
398
3314
-4150
-3878
2240
1759
-3263
4430
1855
2066
-576
3391
4617
-2586
-2660
1476
-1186
-515
-3347
598
-2495
-2793
2001
1269
-3740
-3019
3749
699
-1693
3502
3463
3461
3440
1121
-2074
2222
-3505
-4692
-2837
1406
-4414
2460
3388
4036
4392
3958
973
-3057
817
-858
4202
-2172
805
4806
1812
-3893
1750
-3934
-2584
-2326
2771
3241
1878
2102
-2177
3462
-3121
3031
-2623
735
4528
3676
-1059
-834
95
3103
-2765
-2017
-668
4586
4918
4313
-3606
3562
-4416
1280
4438
-3678
3476
-4502
3047
-1341
4868
-2751
-4642
-389
-4444
-1960
1632
-3412
31
4642
1689
4255
2136
2495
4036
4248
-4093
1096
2392
-3940
4966
3341
-219
1424
1482
4829
2400
4243
-4586
918
-2549
-2417
-690
4046
-2840
-1124
2327
4913
-2561
1478
-3105
-405
-3634
4784
-933
648
-4591
-1096
4305
2570
-3310
1021
4023
2460
-3374
2190
-3493
-2075
4777
-875
2452
-2450
-2389
-3851
873
4727
-1204
-4753
-1423
3719
2501
-3173
-3990
-4797
-3770
2133
-1618
-4127
750
-954
-845
-1283
-2982
517
-2862
-4212
1066
-1123
-1269
-993
-3862
-2847
1462
-1494
3456
2141
2701
-1946
1105
-4530
3960
-2477
-3111
-4923
-4519
4274
2746
-2664
-4822
-622
2308
2730
4483
4585
1959
-243
-4192
-202
-891
-2188
1826
789
2075
-3027
-4235
-750
1249
1119
770
2593
-2352
4289
-3722
-3795
851
-788
-989
1120
-1598
-4415
997
3651
-4101
-4211
2679
1190
-4415
-820
-4793
3314
-294
4172
2296
-819
4739
-4140
-4873
-2402
-2569
4724
1120
-2655
-4224
-466
3617
-2467
3741
-1706
-1329
4324
2244
-2697
-3400
1835
-1414
-4330
1737
1051
-4239
-2150
-4735
279
3681
-1860
-3291
-2864
1771
3547
4069
2021
-4151
2371
-4609
-1650
3866
-2961
-2253
-2838
621
-835
3831
2904
-3957
1538
-2500
4963
-1766
-707
4176
-1806
4143
2832
-411
2527
-3500
-4020
-2767
805
4602
-3300
-1976
576
-544
-443
824
4848
4085
-3204
-3117
3102
2891
1976
-542
2914
2589
-2966
-2649
884
-1582
-4805
-3580
-1855
-2126
4277
3770
4240
-3432
1732
4405
614
2921
1678
-2826
-793
-3084
2320
1953
3118
4090
187
-1543
2943
2128
2960
584
-3621
4003
-5000
1795
867
-2645
-313
2188
-3135
659
3105
-150
4723
-1369
-4483
-3945
-4279
2975
-3767
-1847
-3790
-4004
14
4451
2641
-4671
-3402
1884
4934
-2684
-3876
609
-406
-4876
-4733
-1546
3003
-4868
2393
-1966
2889
1689
-1140
1852
-4368
-2391
766
2849
1255
3733
-4955
-3192
-5000
1873
2535
-1481
-2830
3041
1268
262
2443
2078
-1212
-4236
4825
-2647
131
4170
-3965
2014
3481
-1123
2419
3949
783
-2520
2047
-1402
1455
3817
-3384
723
-1973
-102
4115
4362
-4143
-1741
3655
-4814
-2562
-1330
-1579
4678
1584
2348
302
-2423
-1184
3926
-1710
137
1968
-299
1461
1446
-4959
886
3095
-1435
2105
825
-60
-2272
-3517
4473
-23
-3776
-1802
-4927
-1144
1822
-3029
1404
-3522
790
2921
-4978
4067
-3523
-2525
-4239
-1247
4580
-891
-1677
-3544
1981
-2501
-3490
-4206
-3650
-2221
3031
-1901
-4908
-4125
-1508
-4173
3786
4926
424
-33
2954
1427
-3560
2572
723
2822
2979
-2642
-1476
-3580
3093
-4008
-3240
-4991
-4611
884
-3926
-4588
1400
-4954
-3494
-4843
733
-3300
-4119
-3099
-869
-1671
1857
879
-3089
1218
-2079
2062
3739
2248
2200
784
2083
-2616
3679
-1575
4089
-3537
-1732
314
-84
4193
3572
-1500
2892
-1892
-2847
392
1522
2856
2484
-1120
-4450
3731
4349
-3021
-2800
-2726
1545
4293
-293
-2758
-2421
685
-2810
-1608
-4306
428
-1099
-1027
3641
-1013
-1784
4567
-188
-3821
4771
-2644
-2342
4018
1358
2416
-2752
-3635
589
3400
2581
225
-3214
2607
2442
3231
-31
570
-3372
1416
-171
3368
-656
3524
-4175
-2548
982
2761
-2262
-2771
3921
3722
1731
-2483
-1810
-3954
-3736
2729
4611
-4701
-928
3825
2514
-4606
1229
4889
253
-1852
2133
-1329
3756
-4826
-3946
-1506
-2339
4041
3445
-1822
4108
2222
-2312
-4932
-3948
4400
-4011
1209
4628
865
-2134
-114
4501
4090
2271
-618
-2485
573
-2775
3296
-4358
781
-2512
3106
779
241
291
-3005
3007
-3068
1258
856
-1293
-4271
1180
781
4612
-4355
-3790
-3834
-2507
-2123
619
-4058
-2129
-230
3442
1263
-1639
4394
1534
-4261
-2472
4257
-3464
2252
1384
-2864
-2974
831
4923
-388
-4794
2006
-4894
4954
1388
3029
4570
1818
1968
-4755
-3591
-207
-957
-2776
-535
-2628
-3247
-3148
-2301
4337
980
4404
-4144
-1368
-1001
674
2204
3531
3581
-4838
-2180
-3574
-1246
3267
1041
2114
4322
-785
3614
1438
3129
-1882
-3289
2638
-3973
-1203
-486
-2217
1125
4813
-4414
123
-2013
4673
-2871
-3573
-3421
-3009
1742
3802
2874
4955
-3944
-4124
3510
4169
1658
-4497
-1180
-1758
-4009
2721
467
-2120
71
2978
-2711
-2771
-2421
-109
4692
1
-4979
319
3347
-3797
572
-2911
-874
-2294
375
-3290
-3805
-4389
3319
-3835
-1397
3822
-3262
-1572
-676
-2251
-3027
-3652
3976
-19
-3358
3463
1382
2288
3171
3977
-728
4089
-195
-3194
-4852
4617
4736
-1310
-3225
-22
1422
3255
-3409
4035
-1214
2418
-3161
4763
708
-1426
3105
-3119
90
-1146
2863
4987
-2624
1749
4154
781
-4869
-2752
-1337
-595
-2246
-3530
4311
-2955
3662
-2697
3341
-4984
2844
-3949
1014
4169
2657
-3308
-2524
-3656
-4603
3103
-2501
-2018
2659
2007
-4448
-4181
-1064
-2893
-4642
2718
554
3840
-4117
629
4715
-4950
122
4885
2414
391
-3678
220
4473
-4508
3712
389
1691
-4796
1752
3037
48
-4746
-1790
3204
259
-2729
-3085
3285
-4605
3817
2040
-4855
329
-2414
4858
4792
-2215
-1177
4703
-30
-2921
-4886
733
-194
-3684
2513
-2699
1345
-4631
-3366
-2643
-31
-1461
-2884
1006
-4870
2256
1967
3807
-2223
-2840
-529
4082
-1689
832
-755
-2962
-3184
395
-2617
-2532
1172
306
24
2502
3110
254
1363
1693
-2813
2498
-3412
-3270
-915
-610
-4216
-2745
-3847
3506
1414
-3234
342
3120
-2258
-270
-3264
2230
3737
318
1203
-3846
-4672
-3797
3331
230
-3862
2309
-2645
-1658
-399
-4832
1269
-2625
-700
455
-4246
-4237
1666
1157
3562
-1806
-4907
-1688
1613
-4269
-2691
4530
907
-1517
-1553
-3726
-4118
-3923
1645
4290
-4442
3244
-3065
1746
4886
-2723
-4669
-1162
3981
-4681
-231
3867
2157
3759
-1518
-256
-13
-4008
-3357
179
2879
392
-4300
-375
2818
-3727
2150
-1535
-1635
-2483
-2445
2411
-2601
2299
-1016
-2843
-2369
-4374
2737
3879
-1085
2675
-1148
-1248
1137
-4179
497
2880
-1508
4827
2168
-2216
-4990
-2856
987
4526
3195
4373
-3914
2437
-1484
-3694
-2404
-387
-1796
1372
-3148
-1433
-4594
-2330
3780
-165
3937
-421
-132
-3891
2349
-2670
-1946
3262
3647
-813
-836
-1473
-3234
3434
4555
3275
-2961
4282
2887
4645
4086
-2621
2384
-2224
3294
-74
2035
750
-4085
1256
3731
-3685
-4354
-2810
3065
-3846
1640
-1687
-727
1952
-1246
4586
4824
-976
-3507
1351
2795
1047
-218
-1482
-2350
3529
-2052
3081
-4155
1612
-3275
-3246
-2579
2163
-3555
-2823
-1594
-1475
-623
4925
2851
-1680
-3861
3432
-4413
79
1391
4789
-3965
2340
421
-2378
3716
3082
3895
-3839
-370
-486
-4674
395
-3083
-4104
1289
600
-4405
-2289
-594
-3599
2470
1739
-797
455
3331
-4283
1934
1991
4507
-1164
-4900
1823
1077
753
-4560
-3616
3101
-2548
3356
4548
-4988
3934
-668
3714
3383
3774
1281
-465
-1164
-2952
-4908
-3769
2826
-3173
3468
781
-4464
-3790
-3607
3471
-1447
-2219
-607
4270
3463
2993
2484
-3588
-2722
-2171
2571
-3497
2442
2878
2662
4837
3572
1222
-266
2656
-3648
3512
-3848
4148
-2006
263
3715
-4378
195
-1425
3076
-776
1862
-3460
3592
-3798
-4672
-230
3145
3891
-1345
717
-4243
-3055
-806
-1118
-1332
-2563
-3646
1510
1184
4546
-1256
2421
3121
-4961
4271
-4187
-4238
1259
2194
-3659
-410
777
-1959
-4128
-2552
1020
1272
-1754
4137
-355
-2583
2684
-2438
746
-4996
931
285
2593
1147
1815
-1097
3582
-925
9
3353
-4335
-1504
-1617
1391
-540
583
2250
-3032
-1237
-2150
-4472
-2248
4844
-4408
4796
4522
4673
2595
-1333
2442
-660
-698
-9
-1662
1562
-3785
3841
-2333
1931
105
2795
390
-1502
3589
172
-573
1320
-3126
-41
-1405
-3243
1522
4702
-1039
-2415
-1561
2243
-1514
-3688
-1770
-3568
-4715
-4819
146
3480
-1229
4704
4829
-2339
2683
-2750
-4013
-4558
1826
-3192
3015
1748
-874
655
-3263
645
-2564
-2560
-4632
1577
875
180
3501
-4603
-1901
377
-2792
1044
-4750
-1019
3592
-4740
-120
-4678
-891
641
4505
987
-2201
4600
-4093
-4882
-1988
975
-3216
-4926
-1690
-3605
-2882
-797
4548
1009
3726
4588
4787
2745
2250
-979
4659
-1296
234
-4755
4318
3949
-4920
3057
-3817
4054
-1421
-1619
-912
-1100
3233
1514
1439
-3147
4665
3209
-1647
1280
3616
-457
-3538
2382
-3519
3794
-2928
4759
-3982
4571
-2673
-1558
-3131
-3268
-3298
-926
-4323
-3972
-740
3701
-2606
161
-2445
-2114
-474
-2971
-1611
2910
1000
4716
-1144
1358
-1975
-2172
-2641
-2088
2382
-962
-3476
1127
-4235
3996
-4734
-3412
-3941
2764
2048
4914
-211
-4076
-2373
3748
-2290
846
-4934
-4146
-1608
-2666
-4424
-3422
3830
273
3205
828
-3438
1905
4030
3719
3403
-1881
3471
-4783
-3191
-1096
-1994
-4932
4676
-4622
1354
-3337
1729
2912
2812
-4339
1182
-4019
-1284
-3684
3025
2742
1951
-2951
4395
4355
4479
4178
563
423
1044
4915
-2511
-2907
706
-4851
-4249
1078
4995
-3052
-4441
3176
2550
-2968
-2911
-2039
-2041
2039
-2421
-635
-3006
3696
1735
972
-1918
-2581
-97
-3080
2687
-3192
948
3277
4584
517
-3145
-2495
-4820
-4509
2615
1406
-385
-2949
-1411
3014
-2277
2413
421
3287
-3243
2778
-1202
1359
2546
-2829
3490
-2847
-454
-4688
-2630
-1048
4764
-3898
2060
1164
306
-397
2455
2995
-3691
1723
2545
-3510
-4828
-1431
-386
2771
-4110
-4354
324
-2559
-4866
-3859
-691
-2190
3254
-4869
-3156
-4483
-2002
2257
1475
-2004
-2658
3124
-2171
-3973
1018
4086
1208
-2846
-634
-386
-2499
-737
1673
-4170
3218
-3112
-4239
1555
3287
-3616
-1064
458
-447
-1641
-1610
-3119
2700
3239
-1593
1540
-524
-148
-1555
922
4533
611
-3767
1479
4305
135
390
-4158
98
2840
743
2153
-4511
2525
2979
1412
918
-3749
-2051
-3112
-4063
3670
-3079
-754
-4615
-633
3515
-2413
-941
1343
-1438
4528
-3659
-3860
2614
-644
-1093
-4119
4046
-3695
841
-2261
1781
4764
1250
633
2877
-4295
-55
-4949
-892
4959
-857
2662
4743
-4504
3276
-4106
-620
-2348
-583
4782
-4892
2654
-4691
2941
-3703
895
-3554
1057
4692
-1119
4282
-3648
3035
-1817
-3169
-4044
-583
4139
-552
-4569
1590
1495
-4183
-4720
1912
-183
-4595
1148
-1862
1825
1245
4577
-340
460
3076
-4018
-4965
4870
4321
-1113
850
-4868
1165
1248
4993
-1936
4526
1496
4558
2864
-837
-2552
649
1688
-3120
-1973
949
3911
-1308
3632
2467
-2512
3977
-4914
3488
-4909
3636
-4055
-1181
-2645
1438
-3614
-3728
1368
-950
-365
-3008
-2640
904
4042
-3884
17
-4359
4101
4855
-1973
-780
2896
-1468
3164
-3128
-741
57
-4069
-4221
-2768
2026
-4327
4403
-2925
2025
-4443
-4565
523
564
4815
3384
3360
-3857
1855
-1500
3109
2676
-2585
-3909
1959
552
-3098
1229
2902
-1728
2175
4339
-1419
2979
2969
-3676
2957
402
-520
2378
-3433
4037
1212
-79
361
-1432
4680
4736
-1089
1175
-4299
4124
302
-4091
-1144
-2695
3302
163
-3534
-2734
-2378
702
-2473
-4933
-3211
-1686
-4446
-3212
-4770
3438
4070
-3087
-3750
2016
-2809
-1688
3221
2051
-614
-3973
2954
286
347
-2218
2720
-4513
4590
-3269
2281
-576
-3992
-1268
-3416
3288
-3282
-3543
-749
3685
-4834
-1221
2506
-2648
-4851
-4752
2599
-2494
-800
4456
1910
-3058
-3425
-1938
4023
3294
-4393
3756
-4287
-4757
-3152
1400
-2311
1847
2110
227
4179
-4043
1995
-2811
440
2796
-2811
-3519
-4662
-1944
3171
-3026
2260
1521
238
3704
-1435
-3904
334
4004
830
-2209
4131
2292
1193
-2368
-1227
3466
-1507
4257
-4738
-4913
1984
-2738
4822
-2330
-2228
2663
1535
-2723
1461
1156
-2190
-4892
985
-3305
4441
-4318
-1959
4833
3967
2132
3960
4679
-1371
678
-3439
-1354
-1737
-4265
-4466
-443
4942
-3544
-3562
986
-2425
4054
534
-1921
-3516
4520
708
-3578
-351
1179
-2528
-3797
3241
3212
1755
-2903
-2774
-4155
1404
-4592
183
-3364
-4223
-2634
-4803
-2168
-2941
1195
-2696
-4858
1166
-463
150
4219
2655
-2853
-2388
-4166
-1602
549
-3208
-1560
2286
-4539
3671
3391
-621
2065
-921
896
-4205
-2495
-2832
-2308
1056
-4666
4831
-2731
-4043
-2372
-4205
-3776
-881
3323
-3877
94
-1762
4052
-2833
3115
3644
-70
1023
1430
637
-194
-4407
2051
1608
304
3247
925
2709
-3725
-905
-3728
2871
1025
-4523
-554
-4708
1694
3926
-3713
4274
-1391
-4482
1495
-3972
752
3621
-4077
1046
-4884
3342
-1892
-4859
-1491
-2760
991
-4301
4847
-1176
4692
4057
-4131
6
2910
-4515
2604
3591
-3422
2767
1244
-3653
651
-3905
-342
344
3357
-3359
2521
2119
3625
4531
-877
1197
-3983
1358
-2005
1373
-947
-1141
116
-2037
3308
-840
-89
-2156
3039
-3045
2401
-2387
-2926
-4809
4667
-4999
-3860
3373
-3409
1823
2970
-3596
-4825
-4901
1559
747
3591
4020
590
-4353
-3074
4654
1043
-2375
-4231
961
239
3049
-822
2313
-870
-1943
-3097
-2033
622
-4917
-3563
200
10
-2380
-2474
4861
-1724
2445
-3855
603
-3437
2904
-4607
-2309
-389
-4384
48
-4492
-2262
-444
-2682
96
2371
1557
-548
-2979
-375
-1106
598
-4011
3102
-3164
1569
2320
4860
1373
-791
-3656
-3196
3142
-433
-499
-1322
2464
-4440
-2694
-4016
-2022
-4583
-3736
1418
-2299
-4495
-3135
641
1764
4296
2872
-2766
-4942
1063
535
-22
-3287
-1608
4569
-4581
-3504
848
-4855
-1566
-4028
3961
-4501
519
1915
2053
4410
501
1317
1631
3777
1402
-1101
772
-787
-591
4317
-1117
-3630
-2130
-1298
3873
-1394
-934
1155
-4224
-4245
4528
340
-1423
-1719
3702
290
2855
-2101
-400
-2462
-242
-239
3537
-2840
-4932
-1194
-2556
-3448
2183
4299
2619
40
3399
4083
-2747
4698
-4003
1952
-3931
-3223
-1324
-2482
-2848
-1486
2694
3055
-4504
-1610
-1374
-3929
3239
1100
493
-1128
-3875
1676
-3513
3873
798
1241
1264
-1502
-3434
2702
4107
948
-4001
-2755
-3135
4311
4580
3764
-2951
4331
-1930
3186
3190
4914
-945
4440
1426
4982
-2507
3698
-4230
-4600
-3886
2904
-3879
-4599
-3007
1184
-3527
-2596
3739
-361
-2185
4731
67
-3968
4535
-2439
-4993
3548
-295
3496
3561
2011
4218
-3172
276
2785
4717
-336
-1150
-3620
-1509
4983
2005
-3707
281
4342
-2475
1781
426
288
-4862
1130
4644
3265
3083
4539
2295
1104
-4354
-1640
-4005
686
336
-3563
2393
-92
1871
-3128
2509
-3715
-858
-479
-3206
-1985
4657
234
1359
2784
-4606
4991
-1799
3942
723
-2368
2489
-17
-4291
4501
359
-1982
-4552
1681
-4185
-1130
4916
1705
