-5000
-4993
-4986
-4983
-4979
-4977
-4949
-4941
-4936
-4935
-4931
-4921
-4918
-4917
-4907
-4900
-4899
-4893
-4892
-4887
-4886
-4884
-4870
-4858
-4837
-4829
-4826
-4823
-4821
-4821
-4808
-4807
-4791
-4777
-4766
-4762
-4749
-4737
-4735
-4730
-4726
-4723
-4695
-4692
-4690
-4682
-4673
-4670
-4667
-4656
-4655
-4649
-4648
-4647
-4638
-4620
-4619
-4616
-4612
-4608
-4605
-4601
-4566
-4564
-4561
-4561
-4551
-4541
-4528
-4495
-4495
-4487
-4469
-4469
-4469
-4467
-4464
-4464
-4462
-4459
-4452
-4435
-4430
-4396
-4393
-4381
-4381
-4375
-4372
-4348
-4347
-4339
-4324
-4313
-4309
-4298
-4287
-4252
-4233
-4220
-4219
-4214
-4202
-4187
-4182
-4180
-4175
-4167
-4162
-4154
-4153
-4143
-4128
-4124
-4119
-4117
-4111
-4108
-4101
-4091
-4068
-4067
-4061
-4058
-4049
-4008
-4004
-3997
-3996
-3984
-3974
-3972
-3950
-3937
-3935
-3915
-3915
-3915
-3912
-3902
-3883
-3879
-3873
-3842
-3836
-3810
-3806
-3775
-3751
-3744
-3735
-3732
-3711
-3704
-3701
-3696
-3687
-3683
-3680
-3674
-3672
-3659
-3657
-3656
-3650
-3648
-3634
-3615
-3586
-3577
-3574
-3561
-3559
-3544
-3540
-3537
-3530
-3523
-3514
-3513
-3507
-3506
-3502
-3496
-3492
-3485
-3482
-3479
-3479
-3467
-3465
-3458
-3455
-3453
-3450
-3448
-3443
-3427
-3416
-3405
-3385
-3377
-3371
-3364
-3356
-3356
-3355
-3339
-3338
-3337
-3331
-3327
-3327
-3323
-3316
-3312
-3308
-3302
-3300
-3298
-3297
-3293
-3292
-3276
-3275
-3273
-3252
-3241
-3232
-3225
-3222
-3217
-3212
-3191
-3180
-3178
-3174
-3164
-3159
-3145
-3141
-3134
-3122
-3120
-3115
-3095
-3076
-3074
-3070
-3069
-3048
-3046
-3043
-3036
-3032
-3024
-3022
-3022
-3004
-3003
-2967
-2947
-2947
-2943
-2940
-2935
-2905
-2894
-2889
-2888
-2873
-2873
-2857
-2846
-2844
-2839
-2814
-2789
-2784
-2782
-2780
-2776
-2772
-2767
-2748
-2748
-2748
-2745
-2744
-2734
-2733
-2726
-2725
-2721
-2716
-2716
-2707
-2690
-2688
-2686
-2645
-2640
-2634
-2621
-2619
-2618
-2613
-2600
-2585
-2575
-2572
-2555
-2552
-2546
-2541
-2537
-2506
-2492
-2491
-2486
-2475
-2462
-2461
-2461
-2459
-2443
-2410
-2404
-2381
-2379
-2372
-2369
-2368
-2364
-2359
-2355
-2355
-2347
-2346
-2341
-2332
-2295
-2284
-2283
-2280
-2271
-2263
-2260
-2256
-2246
-2237
-2234
-2234
-2234
-2200
-2195
-2180
-2173
-2166
-2156
-2153
-2128
-2127
-2111
-2106
-2093
-2081
-2076
-2067
-2063
-2057
-2040
-2037
-2032
-2019
-2019
-2011
-2002
-1979
-1963
-1962
-1955
-1949
-1938
-1932
-1918
-1916
-1906
-1887
-1886
-1883
-1880
-1859
-1852
-1846
-1841
-1841
-1829
-1821
-1819
-1819
-1817
-1813
-1792
-1791
-1781
-1778
-1778
-1776
-1773
-1757
-1732
-1724
-1722
-1714
-1704
-1699
-1693
-1680
-1653
-1619
-1617
-1615
-1611
-1603
-1597
-1492
-1475
-1473
-1473
-1462
-1455
-1445
-1444
-1440
-1428
-1385
-1374
-1358
-1351
-1298
-1287
-1274
-1273
-1263
-1238
-1230
-1222
-1220
-1220
-1192
-1180
-1177
-1169
-1155
-1136
-1125
-1109
-1079
-1073
-1057
-1026
-1017
-1002
-986
-980
-971
-968
-934
-923
-913
-909
-863
-851
-847
-839
-831
-830
-812
-786
-781
-764
-760
-756
-708
-705
-704
-695
-670
-657
-655
-616
-608
-603
-576
-574
-571
-520
-511
-505
-504
-503
-473
-472
-472
-462
-457
-456
-401
-394
-383
-382
-371
-361
-346
-345
-335
-331
-325
-319
-312
-274
-273
-254
-241
-235
-209
-204
-203
-196
-196
-186
-180
-173
-168
-151
-136
-116
-116
-112
-77
-74
-67
-54
-17
-15
-6
0
4
10
11
17
21
38
51
53
53
61
78
87
104
106
120
127
132
132
140
143
150
175
177
205
213
213
228
255
259
264
269
290
293
299
307
319
339
348
351
376
390
406
428
433
435
449
450
466
468
478
489
513
519
533
539
558
585
595
617
638
642
649
675
688
694
697
709
718
721
721
722
731
733
737
742
757
761
766
773
776
788
794
819
824
826
827
827
833
834
834
874
874
956
967
1008
1009
1027
1042
1044
1059
1083
1108
1112
1120
1142
1163
1169
1197
1209
1216
1219
1220
1240
1264
1265
1271
1289
1289
1291
1291
1296
1296
1306
1309
1315
1326
1337
1347
1356
1358
1375
1375
1378
1395
1421
1422
1427
1453
1457
1479
1488
1513
1520
1526
1527
1539
1543
1581
1591
1592
1608
1617
1623
1639
1647
1664
1670
1685
1690
1716
1727
1741
1751
1758
1758
1804
1809
1831
1835
1843
1849
1849
1868
1873
1875
1900
1900
1904
1915
1929
1930
1933
1945
1952
1954
1956
1968
1972
1979
1980
1981
1989
2005
2007
2025
2033
2036
2048
2057
2060
2068
2094
2100
2110
2130
2138
2143
2150
2174
2176
2177
2185
2190
2190
2200
2208
2218
2221
2227
2277
2303
2308
2308
2315
2322
2324
2335
2337
2339
2342
2352
2362
2368
2368
2374
2377
2380
2396
2396
2399
2406
2407
2408
2416
2418
2425
2430
2447
2487
2515
2528
2533
2556
2557
2579
2579
2600
2605
2636
2643
2645
2647
2650
2655
2661
2686
2692
2704
2704
2712
2718
2729
2753
2758
2760
2832
2839
2843
2865
2877
2896
2902
2936
2943
2948
2949
2950
2959
2981
2984
2991
2995
3000
3017
3019
3028
3035
3036
3053
3090
3101
3101
3125
3144
3153
3153
3153
3180
3183
3203
3221
3231
3232
3240
3248
3268
3275
3282
3285
3294
3295
3302
3310
3315
3339
3346
3365
3378
3390
3402
3425
3432
3448
3456
3504
3504
3513
3515
3536
3545
3571
3576
3584
3607
3610
3635
3648
3689
3692
3708
3731
3734
3770
3771
3778
3781
3787
3832
3866
3875
3880
3926
3959
3978
3984
3991
3995
4029
4041
4046
4050
4052
4074
4078
4110
4115
4137
4138
4151
4155
4169
4184
4185
4189
4191
4193
4199
4201
4220
4223
4252
4261
4269
4274
4280
4286
4295
4313
4324
4355
4368
4387
4395
4398
4398
4429
4445
4468
4483
4488
4497
4504
4522
4525
4548
4549
4558
4562
4564
4593
4597
4608
4619
4646
4648
4661
4666
4714
4717
4732
4750
4750
4754
4766
4790
4820
4840
4843
4850
4869
4872
4880
4917
4918
4932
4942
4955
4968
4968
4981
4983
4987
